audio_id=60819a58-69e9-4253-87bf-eb462aa846b2
start_time=2014-12-23T13:46:42.311Z
duration_ms=150000
ambient_temp=30
guardian_id=vhdsdfehfoks
latitude=3.6141375
longitude=14.2108033
